1 27 2 4
2 33 6 10
3 33 6 10
4 33 6 10
5 33 6 12
6 33 6 12
7 33 6 12
8 33 6 12
9 33 6 12
10 33 6 12
11 33 6 12
12 33 6 12
13 33 6 12
14 33 6 12
15 33 6 12
16 33 6 12
17 33 6 12
18 33 6 12
19 33 6 12
20 33 6 12
21 33 6 12
22 33 6 12
23 33 6 12
24 33 6 12
25 33 6 12
26 33 6 12
27 33 6 12
28 33 6 12
29 33 6 11
30 33 6 11
31 33 6 11
32 33 6 10
33 33 6 9
34 33 6 9
35 33 6 9
36 33 6 9
37 33 6 9
38 33 6 8
39 33 6 8
40 33 6 8
41 33 6 8
42 33 6 8
43 33 6 8
44 33 6 8
45 33 6 8
46 33 4 8
47 33 4 8
48 33 4 8
49 33 4 8
50 33 4 8
51 33 4 8
52 33 4 8
53 33 4 8
54 33 4 8
55 33 4 8
56 33 4 8
57 33 4 8
58 33 4 8
59 33 4 8
60 33 4 8
61 33 4 8
62 33 4 8
63 33 4 8
64 33 4 8
65 33 4 8
66 33 4 8
67 33 4 8
68 33 4 8
69 33 4 8
70 33 4 8
71 33 4 8
72 33 4 8
73 33 4 8
74 33 4 8
75 33 4 8
76 33 4 8
77 33 4 8
78 33 4 8
79 33 4 8
80 33 4 8
81 33 4 8
82 33 4 8
83 33 4 8
84 33 4 8
85 33 4 8
86 33 4 8
87 33 4 8
88 33 4 8
89 33 4 8
90 33 4 8
91 33 4 8
92 33 4 8
93 33 4 8
94 33 4 8
95 33 4 8
96 33 4 8
97 33 4 8
98 33 4 8
99 33 4 8
100 33 4 8
101 33 4 8
102 33 4 8
103 33 4 8
104 33 4 8
105 33 4 8
106 33 4 8
107 33 4 8
108 33 4 8
109 33 4 8
110 33 4 8
111 33 4 8
112 33 4 8
113 33 4 8
114 33 4 8
115 33 4 8
116 33 4 8
117 33 4 8
118 33 4 8
119 33 4 8
120 33 4 8
121 33 4 8
122 33 4 8
123 33 4 8
124 33 4 8
125 33 4 8
126 33 4 8
127 33 4 8
128 33 4 8
129 33 4 8
130 33 4 8
131 33 4 8
132 33 4 8
133 33 4 8
134 33 4 8
135 33 4 8
136 33 4 8
137 33 4 8
138 33 4 8
139 33 4 8
140 33 4 8
141 33 4 8
142 33 4 8
143 33 4 8
144 33 4 8
145 33 4 8
146 33 4 8
147 33 4 8
148 33 4 8
149 33 4 8
150 33 4 8
151 33 4 8
152 33 4 8
153 33 4 8
154 33 4 8
155 33 4 8
156 33 4 8
157 33 4 8
158 33 4 8
159 33 4 8
160 33 4 8
161 33 4 8
162 33 4 8
163 33 4 8
164 33 4 8
165 33 4 8
166 33 4 8
167 33 4 8
168 33 4 8
169 33 4 8
170 33 4 8
171 33 4 8
172 33 4 8
173 33 4 8
174 33 4 8
175 33 4 8
176 33 4 8
177 33 4 8
178 33 4 8
179 33 4 8
180 33 4 8
181 33 4 8
182 33 4 8
183 33 4 8
184 33 4 8
185 33 4 8
186 33 4 8
187 33 4 8
188 33 4 8
189 33 4 8
190 33 4 8
191 33 4 8
192 33 4 8
193 33 4 8
194 33 4 8
195 33 4 8
196 33 4 8
197 33 4 8
198 33 4 8
199 33 4 8
200 33 4 8
201 33 4 8
202 33 4 8
203 33 4 8
204 33 4 8
205 33 4 8
206 33 4 8
207 33 4 8
208 33 4 8
209 33 4 8
210 33 4 8
211 33 4 8
212 33 4 8
213 33 4 8
214 33 4 8
215 33 4 8
216 33 4 8
217 33 4 8
218 33 4 8
219 33 4 8
220 33 4 8
221 33 4 8
